1 0.000 0.042
2 0.000 0.042
3 0.000 0.042
4 0.000 0.042
5 0.000 0.042
6 0.000 0.042
7 0.000 0.042
8 0.000 0.042
9 0.000 0.042
10 0.000 0.042
11 0.000 0.042
12 0.000 0.000
13 0.000 0.000
14 0.000 0.000
15 0.000 0.211
16 0.000 0.211
17 0.000 0.211
18 0.000 0.211
19 0.000 0.211
20 0.000 0.211
21 0.000 0.070
22 0.000 0.070
23 0.000 0.070
24 0.000 0.070
25 0.000 0.000
26 0.000 0.000
27 0.000 0.000
28 0.000 0.000
29 0.000 0.000
30 0.000 0.000
31 0.000 0.000
32 0.000 0.000
33 0.000 0.000
34 0.000 0.000
35 0.000 0.000
36 0.000 0.500
37 0.000 0.500
38 0.000 0.500
39 0.000 0.000
40 0.000 0.000
41 0.000 0.000
42 0.000 0.000
43 0.000 0.000
44 0.000 0.000
45 0.000 0.000
46 0.000 0.000
47 0.000 0.000
48 0.000 0.000
49 0.000 0.000
50 0.000 0.000
51 0.242 0.000
52 0.242 0.000
53 0.242 0.000
54 0.053 0.000
55 0.053 0.000
56 0.053 0.000
57 0.053 0.000
58 0.053 0.000
59 0.053 0.000
60 0.053 0.000
61 0.053 0.000
62 0.000 0.109
63 0.000 0.109
64 0.000 0.109
65 0.000 0.109
66 0.000 0.109
67 0.000 0.109
68 0.000 0.109
69 0.000 0.109
70 0.058 0.000
71 0.058 0.000
72 0.058 0.000
73 0.058 0.000
74 0.000 0.267
75 0.000 0.267
76 0.000 0.267
77 0.000 0.267
78 0.000 0.000
79 0.000 0.000
80 0.000 0.000
81 0.000 0.000
82 0.000 0.000
83 0.000 0.000
84 0.000 0.000
85 0.000 0.000
86 0.000 0.000
87 0.000 0.000
88 0.000 0.000
89 0.076 0.000
90 0.076 0.000
91 0.076 0.000
92 0.076 0.000
93 0.000 0.267
94 0.000 0.267
95 0.000 0.267
96 0.000 0.000
97 0.000 0.000
98 0.000 0.000
99 0.000 0.000
100 0.000 0.000
101 0.000 0.000
102 0.000 0.000
103 0.000 0.000
104 0.000 0.000
105 0.000 0.000
106 0.000 0.000
107 0.000 0.000
108 0.000 0.000
109 0.039 0.000
110 0.039 0.000
111 0.039 0.000
112 0.039 0.000
113 0.039 0.000
114 0.000 0.000
115 0.000 0.000
116 0.000 0.000
117 0.000 0.000
118 0.044 0.000
119 0.044 0.000
120 0.000 0.000
121 0.000 0.000
122 0.000 0.000
123 0.000 0.000
124 0.000 0.000
125 0.000 0.000
126 0.000 0.000
127 0.000 0.000
128 0.000 0.000
129 0.000 0.000
130 0.000 0.000
131 0.000 0.000
132 0.000 0.000
133 0.000 0.000
134 0.000 0.144
135 0.000 0.144
136 0.000 0.144
137 0.000 0.144
138 0.000 0.144
139 0.000 0.144
140 0.000 0.144
141 0.000 0.144
142 0.000 0.144
143 0.000 0.144
144 0.000 0.144
145 0.000 0.144
146 0.000 0.144
147 0.000 0.144
148 0.000 0.144
149 0.000 0.144
150 0.000 0.144
151 0.000 0.144
152 0.000 0.030
153 0.000 0.030
154 0.000 0.030
155 0.000 0.030
156 0.000 0.030
157 0.000 0.030
158 0.000 0.030
159 0.000 0.030
160 0.000 0.030
161 0.000 0.030
162 0.000 0.030
163 0.000 0.030
164 0.000 0.076
165 0.000 0.076
166 0.000 0.076
167 0.000 0.076
168 0.000 0.076
169 0.000 0.076
170 0.000 0.076
171 0.000 0.076
172 0.000 0.076
173 0.000 0.076
174 0.000 0.076
175 0.000 0.076
176 0.000 0.076
177 0.000 0.076
178 0.000 0.076
179 0.000 0.076
180 0.000 0.076
181 0.000 0.076
182 0.000 0.076
183 0.000 0.076
184 0.000 0.076
185 0.000 0.076
186 0.000 0.076
187 0.000 0.076
188 0.000 0.076
189 0.000 0.076
190 0.000 0.076
191 0.000 0.076
192 0.000 0.076
193 0.000 0.076
194 0.000 0.076
195 0.000 0.076
196 0.000 0.076
197 0.000 0.076
198 0.000 0.076
199 0.000 0.076
200 0.000 0.076
201 0.000 0.076
202 0.000 0.076
203 0.000 0.076
204 0.000 0.076
205 0.000 0.076
206 0.000 0.076
207 0.000 0.076
208 0.000 0.076
209 0.000 0.076
210 0.000 0.076
211 0.000 0.076
212 0.000 0.076
213 0.000 0.076
214 0.000 0.076
215 0.000 0.076
216 0.000 0.076
217 0.000 0.076
218 0.000 0.076
219 0.000 0.076
220 0.000 0.076
221 0.000 0.076
222 0.000 0.076
223 0.000 0.076
224 0.000 0.076
225 0.000 0.076
226 0.000 0.076
227 0.000 0.076
228 0.000 0.076
229 0.000 0.076
230 0.000 0.076
231 0.000 0.076
232 0.000 0.076
233 0.000 0.076
234 0.000 0.076
235 0.000 0.076
236 0.000 0.076
237 0.000 0.076
238 0.000 0.076
239 0.000 0.076
240 0.000 0.052
241 0.000 0.052
242 0.000 0.052
243 0.000 0.052
244 0.000 0.052
245 0.000 0.052
246 0.000 0.052
247 0.000 0.052
248 0.000 0.052
249 0.000 0.052
250 0.000 0.052
251 0.000 0.052
252 0.000 0.052
253 0.000 0.052
254 0.000 0.052
255 0.000 0.033
256 0.000 0.033
257 0.000 0.033
258 0.000 0.033
259 0.000 0.033
260 0.000 0.033
261 0.000 0.033
262 0.000 0.088
263 0.000 0.088
264 0.000 0.088
265 0.000 0.088
266 0.000 0.088
267 0.000 0.088
268 0.000 0.212
269 0.000 0.212
270 0.000 0.212
271 0.000 0.212
272 0.102 0.085
273 0.102 0.085
274 0.102 0.085
275 0.102 0.085
276 0.102 0.085
277 0.102 0.085
278 0.061 0.000
279 0.061 0.000
280 0.061 0.000
281 0.061 0.000
282 0.061 0.000
283 0.061 0.000
284 0.000 0.094
285 0.000 0.094
286 0.000 0.094
287 0.000 0.094
288 0.000 0.094
289 0.000 0.094
290 0.000 0.094
291 0.000 0.094
292 0.000 0.276
293 0.000 0.276
294 0.000 0.276
295 0.000 0.276
296 0.000 0.276
297 0.000 0.276
298 0.000 0.000
299 0.000 0.000
300 0.000 0.000
301 0.000 0.000
302 0.000 0.000
303 0.000 0.000
304 0.000 0.000
305 0.000 0.000
306 0.000 0.000
307 0.169 0.000
308 0.169 0.000
309 0.169 0.000
310 0.000 0.033
311 0.000 0.033
312 0.000 0.033
313 0.000 0.033
314 0.000 0.033
315 0.070 0.038
316 0.070 0.038
317 0.070 0.038
318 0.070 0.038
319 0.070 0.038
320 0.070 0.038
321 0.070 0.038
322 0.070 0.038
323 0.000 0.051
324 0.000 0.051
325 0.000 0.051
326 0.000 0.051
327 0.000 0.051
328 0.000 0.051
329 0.000 0.051
330 0.000 0.051
331 0.000 0.051
332 0.000 0.051
333 0.000 0.051
334 0.000 0.051
335 0.000 0.051
336 0.000 0.051
337 0.000 0.051
338 0.000 0.051
339 0.000 0.051
340 0.000 0.051
341 0.000 0.041
342 0.000 0.041
343 0.000 0.041
344 0.000 0.041
345 0.000 0.041
346 0.000 0.041
347 0.000 0.041
348 0.000 0.041
349 0.000 0.041
350 0.000 0.041
351 0.000 0.041
352 0.000 0.041
353 0.000 0.041
354 0.061 0.020
355 0.061 0.020
356 0.061 0.020
357 0.061 0.020
358 0.061 0.020
359 0.061 0.020
360 0.061 0.020
361 0.061 0.020
362 0.061 0.020
363 0.061 0.020
364 0.000 0.000
365 0.000 0.000
366 0.000 0.000
367 0.050 0.000
368 0.050 0.000
369 0.050 0.000
370 0.050 0.000
371 0.050 0.000
372 0.050 0.000
373 0.050 0.000
374 0.050 0.000
375 0.000 0.000
376 0.000 0.000
377 0.000 0.000
378 0.000 0.000
379 0.000 0.000
380 0.000 0.000
381 0.000 0.000
382 0.000 0.000
383 0.000 0.000
384 0.000 0.000
385 0.000 0.000
386 0.000 0.000
387 0.000 0.000
388 0.000 0.000
389 0.400 0.108
390 0.400 0.108
391 0.400 0.108
392 0.400 0.108
393 0.400 0.108
394 0.000 0.000
395 0.000 0.000
396 0.000 0.000
397 0.000 0.000
398 0.000 0.000
399 0.000 0.000
400 0.000 0.000
401 0.000 0.000
402 0.000 0.000
403 0.000 0.000
404 0.000 0.000
405 0.000 0.000
406 0.000 0.000
407 0.000 0.000
408 0.000 0.000
409 0.000 0.000
410 0.000 0.000
411 0.000 0.104
412 0.000 0.104
413 0.000 0.104
414 0.000 0.104
415 0.000 0.000
416 0.000 0.000
417 0.000 0.000
418 0.000 0.000
419 0.000 0.000
420 0.000 0.000
421 0.000 0.000
422 0.000 0.000
423 0.000 0.044
424 0.000 0.044
425 0.000 0.044
426 0.000 0.044
427 0.000 0.044
428 0.000 0.044
429 0.000 0.044
430 0.000 0.044
431 0.000 0.044
432 0.000 0.044
433 0.000 0.044
434 0.000 0.000
435 0.000 0.000
436 0.000 0.000
437 0.000 0.000
438 0.000 0.000
439 0.059 0.000
440 0.059 0.000
441 0.059 0.000
442 0.059 0.000
443 0.059 0.000
444 0.059 0.000
445 0.059 0.000
446 0.059 0.000
447 0.059 0.000
448 0.000 0.000
449 0.000 0.000
450 0.000 0.000
451 0.000 0.000
452 0.000 0.000
453 0.000 0.000
454 0.000 0.000
455 0.000 0.000
456 0.000 0.000
457 0.000 0.000
458 0.000 0.000
459 0.000 0.000
460 0.000 0.000
461 0.000 0.000
462 0.000 0.000
463 0.000 0.000
464 0.000 0.000
465 0.000 0.000
466 0.000 0.000
467 0.000 0.000
468 0.000 0.000
469 0.000 0.000
470 0.000 0.000
471 0.000 0.000
472 0.000 0.000
473 0.000 0.000
474 0.000 0.000
475 0.000 0.000
476 0.000 0.000
477 0.000 0.000
478 0.000 0.000
479 0.000 0.000
480 0.000 0.000
481 0.000 0.000
482 0.000 0.000
483 0.000 0.000
484 0.000 0.000
485 0.000 0.000
486 0.000 0.000
487 0.000 0.000
488 0.000 0.000
489 0.000 0.000
490 0.000 0.000
491 0.000 0.000
492 0.000 0.033
493 0.000 0.033
494 0.000 0.033
495 0.000 0.033
496 0.000 0.033
497 0.000 0.033
498 0.000 0.033
499 0.000 0.033
500 0.000 0.033
501 0.000 0.033
502 0.000 0.033
503 0.000 0.033
504 0.000 0.000
505 0.000 0.000
506 0.000 0.000
507 0.000 0.000
508 0.000 0.000
509 0.000 0.000
510 0.000 0.000
511 0.000 0.000
512 0.000 0.000
513 0.000 0.000
514 0.000 0.000
515 0.000 0.000
516 0.000 0.000
517 0.000 0.000
518 0.000 0.000
519 0.000 0.000
520 0.000 0.000
521 0.000 0.000
522 0.000 0.000
523 0.000 0.000
524 0.000 0.000
525 0.000 0.000
526 0.000 0.000
527 0.000 0.000
528 0.000 0.000
529 0.000 0.000
530 0.000 0.000
531 0.000 0.000
532 0.000 0.000
533 0.000 0.000
534 0.000 0.000
535 0.000 0.000
536 0.000 0.000
537 0.000 0.000
538 0.000 0.000
539 0.000 0.000
540 0.000 0.090
541 0.000 0.090
542 0.000 0.090
543 0.000 0.090
544 0.000 0.090
545 0.000 0.090
546 0.000 0.090
547 0.153 0.000
548 0.153 0.000
549 0.153 0.000
550 0.153 0.000
551 0.153 0.000
552 0.000 0.000
553 0.000 0.000
554 0.000 0.000
555 0.000 0.000
556 0.000 0.000
557 0.000 0.000
558 0.000 0.000
559 0.000 0.000
560 0.000 0.000
561 0.000 0.000
562 0.000 0.084
563 0.000 0.084
564 0.000 0.084
565 0.000 0.084
566 0.000 0.084
567 0.000 0.084
568 0.000 0.084
569 0.000 0.084
570 0.000 0.084
571 0.000 0.200
572 0.000 0.200
573 0.000 0.200
574 0.000 0.200
575 0.000 0.200
576 0.000 0.200
577 0.000 0.000
578 0.000 0.000
579 0.000 0.000
580 0.000 0.000
581 0.166 0.438
582 0.166 0.438
583 0.166 0.438
584 0.166 0.438
585 0.166 0.438
586 0.000 0.227
587 0.000 0.227
588 0.000 0.227
589 0.000 0.227
590 0.000 0.227
591 0.000 0.227
592 0.000 0.227
593 0.000 0.227
594 0.000 0.125
595 0.000 0.125
596 0.000 0.125
597 0.000 0.125
598 0.000 0.125
599 0.000 0.125
600 0.000 0.125
601 0.000 0.125
602 0.000 0.125
603 0.000 0.041
604 0.000 0.041
605 0.000 0.041
606 0.000 0.041
607 0.000 0.041
608 0.000 0.041
609 0.000 0.041
610 0.000 0.041
611 0.000 0.041
612 0.000 0.041
613 0.000 0.041
614 0.000 0.041
615 0.000 0.041
616 0.000 0.041
617 0.000 0.041
618 0.000 0.041
619 0.000 0.041
620 0.000 0.041
621 0.000 0.099
622 0.000 0.099
623 0.000 0.099
624 0.000 0.099
625 0.000 0.099
626 0.000 0.000
627 0.000 0.000
628 0.000 0.000
629 0.000 0.000
630 0.000 0.000
631 0.000 0.000
632 0.000 0.000
633 0.000 0.000
634 0.000 0.000
635 0.000 0.000
636 0.093 0.047
637 0.093 0.047
638 0.093 0.047
639 0.093 0.047
640 0.093 0.047
641 0.093 0.047
642 0.093 0.047
643 0.093 0.047
644 0.093 0.047
645 0.093 0.047
646 0.093 0.047
647 0.093 0.047
648 0.093 0.047
649 0.093 0.047
650 0.093 0.047
651 0.000 0.308
652 0.000 0.308
653 0.000 0.000
654 0.000 0.000
655 0.000 0.000
656 0.000 0.000
657 0.000 0.000
658 0.000 0.000
659 0.000 0.000
660 0.000 0.000
661 0.000 0.000
662 0.000 0.000
663 0.000 0.000
664 0.000 0.000
665 0.000 0.000
666 0.000 0.000
667 0.000 0.000
668 0.000 0.000
669 0.000 0.000
670 0.000 0.099
671 0.000 0.099
672 0.000 0.099
673 0.000 0.099
674 0.000 0.099
675 0.000 0.099
676 0.000 0.099
677 0.000 0.099
678 0.000 0.099
679 0.000 0.099
680 0.000 0.099
681 0.000 0.099
682 0.000 0.000
683 0.000 0.000
684 0.000 0.000
685 0.000 0.000
686 0.000 0.000
687 0.054 0.019
688 0.054 0.019
689 0.054 0.019
690 0.054 0.019
691 0.054 0.019
692 0.054 0.019
693 0.054 0.019
694 0.054 0.019
695 0.054 0.019
696 0.054 0.019
697 0.054 0.019
698 0.054 0.019
699 0.054 0.019
700 0.054 0.019
701 0.054 0.019
702 0.000 0.000
703 0.000 0.000
704 0.000 0.000
705 0.000 0.000
706 0.000 0.000
707 0.000 0.000
708 0.000 0.044
709 0.000 0.044
710 0.000 0.044
711 0.000 0.044
712 0.000 0.044
713 0.000 0.044
714 0.000 0.044
715 0.000 0.044
716 0.000 0.044
717 0.000 0.044
718 0.000 0.044
719 0.000 0.044
720 0.000 0.044
721 0.000 0.044
722 0.000 0.044
723 0.000 0.000
724 0.000 0.000
725 0.000 0.000
726 0.000 0.000
727 0.000 0.000
728 0.000 0.000
729 0.000 0.000
730 0.000 0.000
731 0.000 0.000
732 0.000 0.000
733 0.000 0.000
734 0.000 0.000
735 0.000 0.000
736 0.000 0.000
737 0.000 0.000
738 0.000 0.000
739 0.000 0.000
740 0.000 0.000
741 0.000 0.000
742 0.000 0.030
743 0.000 0.030
744 0.000 0.030
745 0.000 0.030
746 0.000 0.030
747 0.000 0.030
748 0.076 0.034
749 0.076 0.034
750 0.076 0.034
751 0.076 0.034
752 0.076 0.034
753 0.076 0.034
754 0.076 0.034
755 0.076 0.034
756 0.076 0.034
757 0.000 0.000
758 0.000 0.000
759 0.000 0.000
760 0.087 0.000
761 0.087 0.000
762 0.087 0.000
763 0.087 0.000
764 0.087 0.000
765 0.087 0.000
766 0.087 0.000
767 0.087 0.000
768 0.087 0.000
769 0.032 0.068
770 0.032 0.068
771 0.032 0.068
772 0.032 0.068
773 0.032 0.068
774 0.032 0.068
775 0.032 0.068
776 0.032 0.068
777 0.032 0.068
778 0.032 0.068
779 0.032 0.068
780 0.000 0.058
781 0.000 0.058
782 0.000 0.058
783 0.000 0.058
784 0.000 0.058
785 0.000 0.058
786 0.000 0.058
787 0.000 0.058
788 0.000 0.058
789 0.000 0.058
790 0.000 0.058
791 0.000 0.058
792 0.000 0.058
793 0.000 0.000
794 0.000 0.000
795 0.000 0.000
796 0.076 0.000
797 0.076 0.000
798 0.076 0.000
799 0.076 0.000
800 0.000 0.000
801 0.000 0.000
802 0.000 0.000
803 0.000 0.000
804 0.000 0.000
805 0.000 0.000
806 0.000 0.000
807 0.000 0.000
808 0.046 0.000
809 0.046 0.000
810 0.046 0.000
811 0.046 0.000
812 0.000 0.000
813 0.000 0.000
814 0.000 0.000
815 0.000 0.000
816 0.000 0.000
817 0.000 0.000
818 0.089 0.000
819 0.089 0.000
820 0.089 0.000
821 0.089 0.000
822 0.089 0.000
823 0.196 0.055
824 0.196 0.055
825 0.196 0.055
826 0.196 0.055
827 0.196 0.055
828 0.196 0.055
829 0.196 0.055
830 0.196 0.055
831 0.000 0.000
832 0.000 0.000
833 0.000 0.000
834 0.047 0.000
835 0.047 0.000
836 0.047 0.000
837 0.047 0.000
838 0.038 0.152
839 0.038 0.152
840 0.038 0.152
841 0.038 0.152
842 0.038 0.152
843 0.038 0.152
844 0.201 0.000
845 0.201 0.000
846 0.201 0.000
847 0.201 0.000
848 0.000 0.034
849 0.000 0.034
850 0.000 0.034
851 0.000 0.034
852 0.047 0.000
853 0.047 0.000
854 0.047 0.000
855 0.047 0.000
856 0.047 0.000
857 0.000 0.018
858 0.000 0.018
859 0.000 0.018
860 0.000 0.018
861 0.000 0.018
862 0.000 0.018
863 0.000 0.000
864 0.000 0.000
865 0.000 0.000
866 0.000 0.000
867 0.000 0.000
868 0.000 0.000
869 0.000 0.000
870 0.000 0.000
871 0.000 0.000
872 0.000 0.000
873 0.000 0.000
874 0.000 0.027
875 0.000 0.027
876 0.000 0.027
877 0.000 0.027
878 0.000 0.027
879 0.000 0.027
880 0.000 0.027
881 0.000 0.027
882 0.000 0.063
883 0.000 0.063
884 0.000 0.063
885 0.000 0.063
886 0.000 0.063
887 0.000 0.063
888 0.000 0.063
889 0.000 0.063
890 0.000 0.063
891 0.120 0.156
892 0.120 0.156
893 0.000 0.000
894 0.000 0.000
895 0.000 0.000
896 0.000 0.000
897 0.000 0.067
898 0.000 0.067
899 0.000 0.067
900 0.000 0.067
901 0.000 0.067
902 0.000 0.067
903 0.000 0.067
904 0.000 0.067
905 0.000 0.067
906 0.000 0.067
907 0.000 0.067
908 0.000 0.067
909 0.000 0.067
910 0.000 0.067
911 0.000 0.067
912 0.000 0.182
913 0.000 0.182
914 0.000 0.182
915 0.000 0.182
916 0.000 0.182
917 0.000 0.182
918 0.000 0.182
919 0.000 0.000
920 0.000 0.000
921 0.000 0.000
922 0.000 0.000
923 0.000 0.000
924 0.000 0.000
925 0.000 0.000
926 0.000 0.000
927 0.000 0.000
928 0.000 0.000
929 0.000 0.000
930 0.000 0.000
931 0.000 0.000
932 0.000 0.000
933 0.000 0.000
934 0.000 0.000
935 0.000 0.000
936 0.000 0.000
937 0.000 0.000
938 0.000 0.000
939 0.000 0.000
940 0.000 0.000
941 0.000 0.000
942 0.000 0.000
943 0.000 0.000
944 0.000 0.000
945 0.000 0.000
946 0.000 0.000
947 0.000 0.000
948 0.000 0.000
949 0.000 0.023
950 0.000 0.023
951 0.000 0.023
952 0.000 0.023
953 0.000 0.023
954 0.000 0.023
955 0.000 0.023
956 0.000 0.023
957 0.000 0.023
958 0.000 0.023
959 0.000 0.023
960 0.000 0.064
961 0.000 0.064
962 0.000 0.064
963 0.000 0.064
964 0.000 0.064
965 0.000 0.064
966 0.000 0.064
967 0.000 0.064
968 0.000 0.064
969 0.000 0.064
970 0.000 0.064
971 0.000 0.064
972 0.000 0.064
973 0.000 0.064
974 0.000 0.031
975 0.000 0.031
976 0.000 0.031
977 0.000 0.031
978 0.000 0.031
979 0.000 0.031
980 0.000 0.031
981 0.000 0.031
982 0.000 0.031
983 0.000 0.050
984 0.000 0.050
985 0.000 0.050
986 0.000 0.050
987 0.000 0.050
988 0.000 0.050
989 0.000 0.050
990 0.000 0.050
991 0.000 0.050
992 0.000 0.050
993 0.000 0.050
994 0.000 0.050
995 0.000 0.050
996 0.000 0.020
997 0.000 0.020
998 0.000 0.020
999 0.000 0.020
1000 0.000 0.020
1001 0.000 0.020
1002 0.000 0.020
1003 0.000 0.020
1004 0.000 0.020
1005 0.000 0.020
1006 0.000 0.020
1007 0.049 0.030
1008 0.049 0.030
1009 0.049 0.030
1010 0.049 0.030
1011 0.049 0.030
1012 0.049 0.030
1013 0.049 0.030
1014 0.049 0.030
1015 0.049 0.030
1016 0.049 0.030
1017 0.049 0.030
1018 0.049 0.030
1019 0.049 0.030
1020 0.000 0.104
1021 0.000 0.104
1022 0.000 0.104
1023 0.000 0.104
1024 0.000 0.104
1025 0.000 0.104
1026 0.000 0.104
1027 0.000 0.104
1028 0.000 0.104
1029 0.000 0.104
1030 0.000 0.000
1031 0.000 0.000
1032 0.000 0.000
1033 0.000 0.000
1034 0.000 0.000
1035 0.000 0.000
1036 0.000 0.065
1037 0.000 0.065
1038 0.000 0.065
1039 0.000 0.065
1040 0.000 0.065
1041 0.000 0.065
1042 0.000 0.065
1043 0.000 0.065
1044 0.000 0.065
1045 0.000 0.065
1046 0.000 0.065
1047 0.000 0.000
1048 0.000 0.000
1049 0.000 0.000
1050 0.000 0.000
1051 0.000 0.000
1052 0.000 0.000
1053 0.000 0.000
1054 0.000 0.000
1055 0.000 0.000
1056 0.000 0.000
1057 0.000 0.000
1058 0.000 0.000
1059 0.000 0.000
1060 0.000 0.000
1061 0.000 0.000
1062 0.039 0.000
1063 0.039 0.000
1064 0.039 0.000
1065 0.039 0.000
1066 0.039 0.000
1067 0.039 0.000
1068 0.000 0.035
1069 0.000 0.035
1070 0.000 0.035
1071 0.000 0.035
1072 0.000 0.035
1073 0.000 0.035
1074 0.000 0.035
1075 0.000 0.035
1076 0.000 0.035
1077 0.000 0.035
1078 0.000 0.000
1079 0.000 0.000
1080 0.000 0.000
1081 0.000 0.000
1082 0.000 0.000
1083 0.000 0.031
1084 0.000 0.031
1085 0.000 0.031
1086 0.000 0.031
1087 0.000 0.031
1088 0.000 0.031
1089 0.000 0.031
1090 0.000 0.031
1091 0.000 0.000
1092 0.000 0.000
1093 0.000 0.000
1094 0.000 0.000
1095 0.000 0.000
1096 0.000 0.000
1097 0.000 0.000
1098 0.000 0.000
1099 0.000 0.000
1100 0.000 0.000
1101 0.000 0.000
1102 0.000 0.000
1103 0.000 0.000
1104 0.000 0.000
1105 0.000 0.011
1106 0.000 0.011
1107 0.000 0.011
1108 0.000 0.011
1109 0.000 0.011
1110 0.000 0.011
1111 0.000 0.011
1112 0.000 0.011
1113 0.000 0.011
1114 0.000 0.000
1115 0.000 0.000
1116 0.000 0.000
1117 0.000 0.000
1118 0.000 0.000
1119 0.000 0.000
1120 0.000 0.000
1121 0.000 0.076
1122 0.000 0.076
1123 0.000 0.076
1124 0.000 0.076
1125 0.000 0.076
1126 0.000 0.076
1127 0.000 0.076
1128 0.000 0.076
1129 0.000 0.076
1130 0.000 0.076
1131 0.000 0.076
1132 0.000 0.076
1133 0.000 0.076
1134 0.000 0.076
1135 0.000 0.076
1136 0.042 0.075
1137 0.042 0.075
1138 0.042 0.075
1139 0.042 0.075
1140 0.042 0.075
1141 0.042 0.075
1142 0.000 0.135
1143 0.000 0.135
1144 0.000 0.135
1145 0.000 0.135
1146 0.000 0.135
1147 0.000 0.135
1148 0.000 0.135
1149 0.000 0.135
1150 0.000 0.061
1151 0.000 0.061
1152 0.000 0.061
1153 0.000 0.061
1154 0.000 0.061
1155 0.000 0.061
1156 0.000 0.061
1157 0.000 0.061
1158 0.000 0.061
1159 0.000 0.061
1160 0.041 0.081
1161 0.041 0.081
1162 0.041 0.081
1163 0.041 0.081
1164 0.041 0.081
1165 0.041 0.081
1166 0.000 0.000
1167 0.000 0.000
1168 0.000 0.000
1169 0.000 0.115
1170 0.000 0.115
1171 0.000 0.115
1172 0.000 0.115
1173 0.000 0.115
1174 0.000 0.115
1175 0.000 0.115
1176 0.000 0.115
1177 0.000 0.115
1178 0.000 0.115
1179 0.000 0.115
1180 0.000 0.115
1181 0.000 0.115
1182 0.000 0.115
1183 0.000 0.115
1184 0.000 0.000
1185 0.000 0.000
1186 0.000 0.000
1187 0.000 0.000
1188 0.000 0.000
1189 0.000 0.000
1190 0.000 0.000
1191 0.000 0.000
1192 0.000 0.000
1193 0.000 0.000
1194 0.000 0.000
1195 0.000 0.000
1196 0.000 0.000
1197 0.000 0.000
1198 0.064 0.170
1199 0.064 0.170
1200 0.064 0.170
1201 0.064 0.170
1202 0.064 0.170
1203 0.064 0.170
1204 0.000 0.000
1205 0.000 0.000
1206 0.000 0.000
1207 0.000 0.000
1208 0.000 0.000
1209 0.000 0.000
1210 0.000 0.000
1211 0.000 0.000
1212 0.000 0.000
1213 0.000 0.000
1214 0.000 0.000
1215 0.000 0.000
1216 0.000 0.000
1217 0.000 0.000
1218 0.000 0.000
1219 0.000 0.000
1220 0.000 0.000
1221 0.000 0.252
1222 0.000 0.252
1223 0.000 0.252
1224 0.000 0.252
1225 0.000 0.252
1226 0.000 0.000
1227 0.000 0.000
1228 0.000 0.000
1229 0.000 0.000
1230 0.000 0.028
1231 0.000 0.028
1232 0.000 0.028
1233 0.000 0.028
1234 0.000 0.028
1235 0.000 0.028
1236 0.000 0.028
1237 0.000 0.028
1238 0.000 0.028
1239 0.000 0.028
1240 0.000 0.028
1241 0.000 0.028
1242 0.000 0.028
1243 0.000 0.028
1244 0.000 0.028
1245 0.000 0.000
1246 0.000 0.000
1247 0.000 0.000
1248 0.000 0.000
1249 0.000 0.089
1250 0.000 0.089
1251 0.000 0.089
1252 0.000 0.089
1253 0.000 0.089
1254 0.000 0.089
1255 0.000 0.089
1256 0.000 0.089
1257 0.000 0.000
1258 0.000 0.000
1259 0.000 0.000
1260 0.000 0.000
1261 0.000 0.000
1262 0.000 0.000
1263 0.000 0.000
1264 0.000 0.000
1265 0.000 0.000
1266 0.000 0.000
1267 0.000 0.000
1268 0.000 0.000
1269 0.000 0.000
1270 0.000 0.000
1271 0.000 0.000
1272 0.000 0.000
1273 0.000 0.000
1274 0.000 0.000
1275 0.000 0.000
1276 0.000 0.000
1277 0.000 0.000
1278 0.000 0.000
1279 0.000 0.000
1280 0.000 0.000
1281 0.000 0.020
1282 0.000 0.020
1283 0.000 0.020
1284 0.000 0.020
1285 0.000 0.020
1286 0.000 0.020
1287 0.000 0.020
1288 0.000 0.020
1289 0.000 0.020
1290 0.000 0.117
1291 0.000 0.117
1292 0.000 0.117
1293 0.000 0.117
1294 0.000 0.117
1295 0.000 0.117
1296 0.000 0.117
1297 0.000 0.117
1298 0.000 0.117
1299 0.000 0.117
1300 0.000 0.117
1301 0.000 0.117
1302 0.000 0.117
1303 0.000 0.092
1304 0.000 0.092
1305 0.000 0.092
1306 0.000 0.092
1307 0.000 0.092
1308 0.000 0.092
1309 0.000 0.092
1310 0.000 0.092
1311 0.000 0.092
1312 0.000 0.092
1313 0.000 0.092
1314 0.000 0.092
1315 0.000 0.000
1316 0.000 0.000
1317 0.000 0.000
1318 0.000 0.000
1319 0.000 0.000
1320 0.000 0.000
1321 0.000 0.000
1322 0.000 0.000
1323 0.000 0.046
1324 0.000 0.046
1325 0.000 0.046
1326 0.000 0.046
1327 0.000 0.046
1328 0.000 0.046
1329 0.000 0.046
1330 0.000 0.046
1331 0.000 0.046
1332 0.000 0.046
1333 0.000 0.046
1334 0.000 0.046
1335 0.000 0.046
1336 0.000 0.046
1337 0.000 0.164
1338 0.000 0.164
1339 0.000 0.164
1340 0.000 0.164
1341 0.000 0.164
1342 0.000 0.164
1343 0.000 0.164
1344 0.000 0.164
1345 0.000 0.164
1346 0.000 0.164
1347 0.000 0.164
1348 0.000 0.164
1349 0.000 0.164
1350 0.000 0.164
1351 0.000 0.164
1352 0.000 0.164
1353 0.000 0.164
1354 0.000 0.164
1355 0.000 0.164
1356 0.000 0.164
1357 0.000 0.164
1358 0.000 0.164
1359 0.000 0.164
1360 0.073 0.130
1361 0.073 0.130
1362 0.073 0.130
1363 0.073 0.130
1364 0.073 0.130
1365 0.073 0.130
1366 0.073 0.130
1367 0.073 0.130
1368 0.073 0.130
1369 0.073 0.130
1370 0.073 0.130
1371 0.073 0.130
1372 0.073 0.130
1373 0.073 0.130
1374 0.073 0.130
1375 0.000 0.143
1376 0.000 0.143
1377 0.000 0.143
1378 0.000 0.143
1379 0.000 0.143
1380 0.000 0.143
1381 0.000 0.143
1382 0.000 0.143
1383 0.000 0.143
1384 0.000 0.143
1385 0.000 0.143
1386 0.000 0.215
1387 0.000 0.215
1388 0.000 0.215
1389 0.000 0.215
1390 0.000 0.215
1391 0.000 0.215
1392 0.000 0.137
1393 0.000 0.137
1394 0.000 0.137
1395 0.000 0.137
1396 0.000 0.137
1397 0.000 0.137
1398 0.000 0.137
1399 0.000 0.137
1400 0.000 0.137
1401 0.000 0.137
1402 0.000 0.137
1403 0.000 0.137
1404 0.000 0.137
1405 0.000 0.000
1406 0.000 0.000
1407 0.000 0.000
1408 0.000 0.000
1409 0.000 0.000
1410 0.000 0.000
1411 0.000 0.000
1412 0.000 0.000
1413 0.000 0.000
1414 0.201 0.000
1415 0.201 0.000
1416 0.201 0.000
1417 0.201 0.000
1418 0.201 0.000
1419 0.201 0.000
1420 0.201 0.000
1421 0.201 0.000
1422 0.117 0.167
1423 0.117 0.167
1424 0.117 0.167
1425 0.117 0.167
1426 0.117 0.167
1427 0.117 0.167
1428 0.117 0.167
1429 0.117 0.167
1430 0.117 0.167
1431 0.117 0.167
1432 0.117 0.167
1433 0.117 0.167
1434 0.000 0.048
1435 0.000 0.048
1436 0.000 0.048
1437 0.000 0.048
1438 0.000 0.048
1439 0.000 0.048
1440 0.000 0.048
1441 0.000 0.051
1442 0.000 0.051
1443 0.000 0.051
1444 0.000 0.051
1445 0.000 0.051
1446 0.000 0.051
1447 0.050 0.000
1448 0.050 0.000
1449 0.050 0.000
1450 0.050 0.000
1451 0.050 0.000
1452 0.050 0.000
1453 0.050 0.000
1454 0.050 0.000
1455 0.050 0.000
1456 0.050 0.000
1457 0.050 0.000
1458 0.050 0.000
1459 0.050 0.000
1460 0.050 0.000
1461 0.050 0.000
1462 0.050 0.000
1463 0.050 0.000
1464 0.050 0.000
1465 0.050 0.000
1466 0.000 0.345
1467 0.000 0.345
1468 0.000 0.345
1469 0.000 0.345
1470 0.000 0.345
1471 0.000 0.345
1472 0.000 0.345
1473 0.000 0.345
1474 0.000 0.345
1475 0.000 0.345
1476 0.000 0.345
1477 0.065 0.000
1478 0.065 0.000
1479 0.065 0.000
1480 0.065 0.000
1481 0.065 0.000
1482 0.065 0.000
1483 0.065 0.000
1484 0.065 0.000
1485 0.065 0.000
1486 0.065 0.000
1487 0.065 0.000
1488 0.000 0.000
1489 0.000 0.000
1490 0.000 0.000
1491 0.000 0.000
1492 0.000 0.000
1493 0.000 0.000
1494 0.000 0.000
1495 0.000 0.000
1496 0.000 0.000
1497 0.000 0.000
1498 0.000 0.000
1499 0.000 0.000
1500 0.000 0.000
1501 0.000 0.000
1502 0.000 0.000
1503 0.000 0.000
1504 0.000 0.000
1505 0.000 0.000
1506 0.041 0.114
1507 0.041 0.114
1508 0.041 0.114
1509 0.041 0.114
1510 0.041 0.114
1511 0.041 0.114
1512 0.041 0.114
1513 0.041 0.114
1514 0.041 0.114
1515 0.041 0.114
1516 0.041 0.114
1517 0.041 0.114
1518 0.041 0.114
1519 0.041 0.114
1520 0.041 0.114
1521 0.041 0.114
1522 0.041 0.114
1523 0.041 0.114
1524 0.041 0.114
1525 0.041 0.114
1526 0.041 0.114
1527 0.193 0.257
1528 0.193 0.257
1529 0.193 0.257
1530 0.260 0.044
1531 0.260 0.044
1532 0.260 0.044
1533 0.260 0.044
1534 0.260 0.044
1535 0.260 0.044
1536 0.260 0.044
1537 0.260 0.044
1538 0.000 0.158
1539 0.260 0.044
1540 0.260 0.044
1541 0.000 0.158
1542 0.260 0.044
1543 0.260 0.044
1544 0.260 0.044
1545 0.260 0.044
1546 0.000 0.158
1547 0.000 0.158
1548 0.000 0.158
1549 0.000 0.158
1550 0.000 0.158
1551 0.000 0.158
1552 0.000 0.158
1553 0.000 0.158
1554 0.000 0.158
1555 0.000 0.158
1556 0.085 0.155
1557 0.085 0.155
1558 0.085 0.155
1559 0.085 0.155
1560 0.085 0.155
1561 0.085 0.155
1562 0.085 0.155
1563 0.000 0.078
1564 0.000 0.078
1565 0.000 0.078
1566 0.000 0.078
1567 0.000 0.078
1568 0.000 0.078
1569 0.000 0.078
1570 0.000 0.078
1571 0.000 0.078
1572 0.000 0.078
1573 0.000 0.078
1574 0.000 0.078
1575 0.000 0.219
1576 0.000 0.219
1577 0.000 0.219
1578 0.000 0.219
1579 0.000 0.219
1580 0.000 0.219
1581 0.000 0.219
1582 0.000 0.000
1583 0.000 0.000
1584 0.000 0.000
1585 0.000 0.000
1586 0.000 0.000
1587 0.000 0.000
1588 0.069 0.000
1589 0.069 0.000
1590 0.069 0.000
1591 0.000 0.000
1592 0.000 0.000
1593 0.000 0.000
1594 0.000 0.000
1595 0.000 0.000
1596 0.000 0.000
1597 0.000 0.000
1598 0.398 0.000
1599 0.398 0.000
1600 0.398 0.000
1601 0.398 0.000
1602 0.398 0.000
1603 0.398 0.000
1604 0.398 0.000
1605 0.398 0.000
1606 0.398 0.000
1607 0.398 0.000
1608 0.398 0.000
1609 0.398 0.000
1610 0.398 0.000
1611 0.398 0.000
1612 0.398 0.000
1613 0.000 0.000
1614 0.000 0.000
1615 0.000 0.000
1616 0.000 0.000
1617 0.000 0.000
1618 0.000 0.000
1619 0.000 0.000
1620 0.000 0.000
1621 0.000 0.000
1622 0.000 0.000
1623 0.000 0.000
1624 0.000 0.000
1625 0.000 0.000
1626 0.000 0.000
1627 0.000 0.038
1628 0.000 0.038
1629 0.000 0.038
1630 0.000 0.038
1631 0.000 0.000
1632 0.000 0.000
1633 0.000 0.000
1634 0.000 0.000
1635 0.000 0.000
1636 0.081 0.030
1637 0.081 0.030
1638 0.081 0.030
1639 0.081 0.030
1640 0.081 0.030
1641 0.081 0.030
1642 0.081 0.030
1643 0.081 0.030
1644 0.031 0.000
1645 0.031 0.000
1646 0.031 0.000
1647 0.031 0.000
1648 0.031 0.000
1649 0.031 0.000
1650 0.031 0.000
1651 0.031 0.000
1652 0.031 0.000
1653 0.031 0.000
1654 0.000 0.000
1655 0.000 0.000
1656 0.000 0.000
1657 0.000 0.000
1658 0.000 0.000
1659 0.000 0.000
1660 0.000 0.000
1661 0.000 0.000
1662 0.000 0.000
1663 0.000 0.043
1664 0.000 0.043
1665 0.000 0.043
1666 0.000 0.043
1667 0.000 0.043
1668 0.000 0.043
1669 0.000 0.043
1670 0.000 0.043
1671 0.143 0.000
1672 0.143 0.000
1673 0.143 0.000
1674 0.000 0.000
1675 0.000 0.000
1676 0.000 0.000
1677 0.000 0.000
1678 0.000 0.000
1679 0.000 0.000
1680 0.036 0.092
1681 0.036 0.092
1682 0.036 0.092
1683 0.036 0.092
1684 0.036 0.092
1685 0.036 0.092
1686 0.036 0.092
1687 0.036 0.092
1688 0.036 0.092
1689 0.036 0.092
1690 0.000 0.000
1691 0.000 0.000
1692 0.000 0.000
1693 0.000 0.000
1694 0.000 0.000
1695 0.000 0.000
1696 0.000 0.000
1697 0.000 0.000
1698 0.000 0.000
1699 0.000 0.000
1700 0.000 0.000
1701 0.000 0.000
1702 0.000 0.000
1703 0.000 0.000
1704 0.000 0.000
1705 0.000 0.000
1706 0.052 0.000
1707 0.052 0.000
1708 0.052 0.000
1709 0.052 0.000
1710 0.052 0.000
1711 0.052 0.000
1712 0.052 0.000
1713 0.052 0.000
1714 0.052 0.000
1715 0.052 0.000
1716 0.052 0.000
1717 0.052 0.000
1718 0.052 0.000
1719 0.000 0.000
1720 0.000 0.000
1721 0.000 0.000
1722 0.000 0.000
1723 0.000 0.000
1724 0.000 0.000
1725 0.000 0.000
1726 0.000 0.000
1727 0.000 0.000
1728 0.000 0.000
1729 0.000 0.000
1730 0.000 0.000
1731 0.024 0.000
1732 0.024 0.000
1733 0.024 0.000
1734 0.024 0.000
1735 0.024 0.000
1736 0.024 0.000
1737 0.024 0.000
1738 0.024 0.000
1739 0.024 0.000
1740 0.024 0.000
1741 0.024 0.000
1742 0.024 0.000
1743 0.000 0.136
1744 0.000 0.136
1745 0.000 0.136
1746 0.000 0.136
1747 0.000 0.136
1748 0.000 0.136
1749 0.000 0.136
1750 0.000 0.136
1751 0.000 0.136
1752 0.000 0.000
1753 0.000 0.000
1754 0.000 0.000
1755 0.000 0.000
1756 0.000 0.000
1757 0.000 0.000
1758 0.000 0.000
1759 0.000 0.000
1760 0.055 0.083
1761 0.055 0.083
1762 0.055 0.083
1763 0.055 0.083
1764 0.055 0.083
1765 0.055 0.083
1766 0.055 0.083
1767 0.055 0.083
1768 0.055 0.083
1769 0.000 0.000
1770 0.000 0.000
1771 0.000 0.000
1772 0.000 0.000
1773 0.000 0.000
1774 0.000 0.110
1775 0.000 0.110
1776 0.000 0.110
1777 0.000 0.110
1778 0.000 0.110
1779 0.000 0.110
1780 0.000 0.110
1781 0.000 0.110
1782 0.000 0.000
1783 0.000 0.000
1784 0.000 0.000
1785 0.000 0.000
1786 0.000 0.167
1787 0.000 0.167
1788 0.000 0.167
1789 0.000 0.167
1790 0.000 0.167
1791 0.000 0.167
1792 0.000 0.042
1793 0.000 0.042
1794 0.000 0.042
1795 0.000 0.042
1796 0.000 0.042
1797 0.000 0.042
1798 0.000 0.042
1799 0.000 0.042
1800 0.000 0.042
1801 0.000 0.042
1802 0.000 0.042
1803 0.000 0.042
1804 0.000 0.042
1805 0.000 0.042
1806 0.000 0.042
1807 0.000 0.042
1808 0.000 0.000
1809 0.000 0.000
1810 0.000 0.000
1811 0.000 0.000
1812 0.000 0.000
1813 0.000 0.000
1814 0.000 0.000
1815 0.000 0.000
1816 0.000 0.000
1817 0.000 0.000
1818 0.000 0.000
1819 0.030 0.054
1820 0.030 0.054
1821 0.030 0.054
1822 0.030 0.054
1823 0.030 0.054
1824 0.030 0.054
1825 0.030 0.054
1826 0.030 0.054
1827 0.030 0.054
1828 0.000 0.097
1829 0.000 0.097
1830 0.000 0.097
1831 0.000 0.097
1832 0.127 0.112
1833 0.127 0.112
1834 0.127 0.112
1835 0.127 0.112
1836 0.127 0.112
1837 0.127 0.112
1838 0.000 0.000
1839 0.000 0.000
1840 0.000 0.000
1841 0.000 0.000
1842 0.000 0.000
1843 0.000 0.000
1844 0.000 0.000
1845 0.000 0.000
1846 0.081 0.106
1847 0.081 0.106
1848 0.081 0.106
1849 0.081 0.106
1850 0.081 0.106
1851 0.081 0.106
1852 0.081 0.106
1853 0.081 0.106
1854 0.081 0.106
1855 0.000 0.000
1856 0.000 0.000
1857 0.000 0.000
1858 0.000 0.000
1859 0.131 0.176
1860 0.131 0.176
1861 0.131 0.176
1862 0.131 0.176
1863 0.131 0.176
1864 0.131 0.176
1865 0.131 0.176
1866 0.131 0.176
1867 0.131 0.176
1868 0.131 0.176
1869 0.133 0.175
1870 0.133 0.175
1871 0.133 0.175
1872 0.133 0.175
1873 0.133 0.175
1874 0.133 0.175
1875 0.133 0.175
1876 0.000 0.000
1877 0.000 0.000
1878 0.000 0.000
1879 0.000 0.000
1880 0.000 0.000
1881 0.000 0.122
1882 0.000 0.122
1883 0.000 0.122
1884 0.000 0.122
1885 0.000 0.122
1886 0.000 0.122
1887 0.000 0.122
1888 0.000 0.122
1889 0.000 0.122
1890 0.000 0.122
1891 0.000 0.000
1892 0.000 0.000
1893 0.000 0.000
1894 0.000 0.000
1895 0.000 0.000
1896 0.000 0.000
1897 0.000 0.000
1898 0.000 0.000
1899 0.000 0.000
1900 0.000 0.000
1901 0.096 0.089
1902 0.096 0.089
1903 0.096 0.089
1904 0.096 0.089
1905 0.096 0.089
1906 0.096 0.089
1907 0.096 0.089
1908 0.096 0.089
1909 0.000 0.011
1910 0.000 0.011
1911 0.000 0.011
1912 0.112 0.095
1913 0.112 0.095
1914 0.112 0.095
1915 0.112 0.095
1916 0.112 0.095
1917 0.112 0.095
1918 0.112 0.095
1919 0.112 0.095
1920 0.112 0.095
1921 0.112 0.095
1922 0.112 0.095
1923 0.112 0.095
1924 0.112 0.095
1925 0.112 0.095
1926 0.112 0.095
1927 0.000 0.066
1928 0.000 0.066
1929 0.000 0.066
1930 0.000 0.066
1931 0.000 0.066
1932 0.000 0.066
1933 0.000 0.066
1934 0.000 0.066
1935 0.000 0.066
1936 0.000 0.066
1937 0.000 0.066
1938 0.000 0.066
1939 0.000 0.066
1940 0.000 0.066
1941 0.000 0.066
1942 0.000 0.066
1943 0.000 0.066
1944 0.000 0.066
1945 0.000 0.099
1946 0.000 0.099
1947 0.000 0.099
1948 0.000 0.099
1949 0.000 0.099
1950 0.000 0.099
1951 0.000 0.099
1952 0.000 0.099
1953 0.000 0.099
1954 0.000 0.099
1955 0.000 0.099
1956 0.000 0.099
1957 0.000 0.099
1958 0.000 0.099
1959 0.000 0.099
1960 0.000 0.099
1961 0.000 0.099
1962 0.000 0.099
1963 0.000 0.099
1964 0.000 0.000
1965 0.000 0.000
1966 0.000 0.000
1967 0.000 0.000
1968 0.000 0.000
1969 0.000 0.028
1970 0.000 0.028
1971 0.000 0.028
1972 0.000 0.028
1973 0.000 0.028
1974 0.000 0.028
1975 0.000 0.028
1976 0.000 0.028
1977 0.058 0.103
1978 0.058 0.103
1979 0.058 0.103
1980 0.058 0.103
1981 0.058 0.103
1982 0.058 0.103
1983 0.058 0.103
1984 0.058 0.103
1985 0.058 0.103
1986 0.058 0.103
1987 0.058 0.103
1988 0.058 0.103
1989 0.058 0.103
1990 0.058 0.103
1991 0.058 0.103
1992 0.058 0.103
1993 0.000 0.036
1994 0.000 0.036
1995 0.000 0.036
1996 0.000 0.036
1997 0.000 0.036
1998 0.000 0.036
1999 0.000 0.036
2000 0.000 0.036
2001 0.000 0.036
2002 0.000 0.036
2003 0.000 0.036
2004 0.000 0.000
2005 0.000 0.000
2006 0.000 0.000
2007 0.000 0.000
2008 0.000 0.000
2009 0.000 0.000
2010 0.000 0.000
2011 0.000 0.000
2012 0.000 0.000
2013 0.000 0.000
2014 0.000 0.000
2015 0.000 0.000
2016 0.197 0.134
2017 0.197 0.134
2018 0.197 0.134
2019 0.197 0.134
2020 0.197 0.134
2021 0.197 0.134
2022 0.197 0.134
2023 0.197 0.134
2024 0.197 0.134
2025 0.197 0.134
2026 0.140 0.152
2027 0.140 0.152
2028 0.140 0.152
2029 0.140 0.152
2030 0.140 0.152
2031 0.140 0.152
2032 0.140 0.152
2033 0.140 0.152
2034 0.140 0.152
2035 0.140 0.152
2036 0.140 0.152
2037 0.140 0.152
2038 0.000 0.000
2039 0.000 0.000
2040 0.000 0.000
2041 0.000 0.000
2042 0.372 0.178
2043 0.372 0.178
2044 0.372 0.178
2045 0.372 0.178
2046 0.372 0.178
2047 0.255 0.000
2048 0.255 0.000
2049 0.255 0.000
2050 0.255 0.000
2051 0.000 0.000
2052 0.000 0.000
2053 0.000 0.000
2054 0.000 0.000
2055 0.000 0.000
2056 0.000 0.000
2057 0.000 0.000
2058 0.235 0.000
2059 0.235 0.000
2060 0.235 0.000
2061 0.235 0.000
2062 0.235 0.000
2063 0.235 0.000
2064 0.000 0.000
2065 0.000 0.000
2066 0.000 0.000
2067 0.000 0.000
2068 0.000 0.000
2069 0.000 0.000
2070 0.132 0.143
2071 0.132 0.143
2072 0.132 0.143
2073 0.132 0.143
2074 0.132 0.143
2075 0.132 0.143
2076 0.132 0.143
2077 0.132 0.143
2078 0.132 0.143
2079 0.132 0.143
2080 0.132 0.143
2081 0.132 0.143
2082 0.132 0.143
2083 0.132 0.143
2084 0.000 0.000
2085 0.000 0.000
2086 0.000 0.000
2087 0.000 0.000
2088 0.000 0.000
2089 0.000 0.000
2090 0.000 0.000
2091 0.000 0.000
2092 0.000 0.000
2093 0.000 0.000
2094 0.000 0.000
2095 0.000 0.000
2096 0.000 0.000
2097 0.000 0.000
2098 0.000 0.000
2099 0.000 0.000
2100 0.000 0.000
2101 0.000 0.000
2102 0.000 0.000
2103 0.000 0.139
2104 0.000 0.139
2105 0.000 0.139
2106 0.000 0.139
2107 0.000 0.139
2108 0.000 0.139
2109 0.000 0.139
2110 0.000 0.139
2111 0.000 0.139
2112 0.156 0.000
2113 0.156 0.000
2114 0.156 0.000
2115 0.156 0.000
2116 0.198 0.138
2117 0.198 0.138
2118 0.198 0.138
2119 0.198 0.138
2120 0.000 0.000
2121 0.000 0.000
2122 0.000 0.000
2123 0.000 0.000
2124 0.000 0.000
2125 0.000 0.000
2126 0.000 0.000
2127 0.000 0.000
2128 0.000 0.000
2129 0.000 0.000
2130 0.000 0.000
2131 0.000 0.000
2132 0.000 0.000
2133 0.000 0.000
2134 0.000 0.000
2135 0.000 0.000
2136 0.000 0.000
2137 0.059 0.102
2138 0.059 0.102
2139 0.059 0.102
2140 0.059 0.102
2141 0.059 0.102
2142 0.059 0.102
2143 0.059 0.102
2144 0.059 0.102
2145 0.059 0.102
2146 0.059 0.102
2147 0.059 0.102
2148 0.118 0.070
2149 0.118 0.070
2150 0.118 0.070
2151 0.118 0.070
2152 0.118 0.070
2153 0.118 0.070
2154 0.118 0.070
2155 0.118 0.070
2156 0.118 0.070
2157 0.118 0.070
2158 0.118 0.070
2159 0.118 0.070
2160 0.118 0.070
2161 0.118 0.070
2162 0.118 0.070
2163 0.000 0.211
2164 0.000 0.211
2165 0.000 0.211
2166 0.000 0.123
2167 0.000 0.123
2168 0.000 0.123
2169 0.000 0.123
2170 0.000 0.123
2171 0.000 0.123
2172 0.000 0.123
2173 0.000 0.123
2174 0.000 0.123
2175 0.000 0.123
2176 0.000 0.123
2177 0.000 0.123
2178 0.000 0.057
2179 0.000 0.057
2180 0.000 0.057
2181 0.000 0.057
2182 0.000 0.057
2183 0.000 0.057
2184 0.000 0.057
2185 0.000 0.000
2186 0.000 0.000
2187 0.000 0.000
2188 0.000 0.000
2189 0.000 0.000
2190 0.000 0.000
2191 0.000 0.000
2192 0.000 0.000
2193 0.000 0.000
2194 0.000 0.000
2195 0.000 0.000
2196 0.000 0.000
2197 0.000 0.304
2198 0.000 0.304
2199 0.000 0.304
2200 0.000 0.304
2201 0.000 0.304
2202 0.000 0.304
2203 0.000 0.000
2204 0.000 0.000
2205 0.000 0.000
2206 0.000 0.000
2207 0.000 0.000
2208 0.000 0.000
2209 0.000 0.000
2210 0.000 0.000
2211 0.000 0.000
2212 0.000 0.000
2213 0.000 0.000
2214 0.000 0.000
2215 0.000 0.000
2216 0.000 0.000
2217 0.000 0.000
2218 0.000 0.000
2219 0.000 0.000
2220 0.000 0.000
2221 0.000 0.000
2222 0.000 0.000
2223 0.000 0.000
2224 0.000 0.000
2225 0.000 0.000
2226 0.000 0.000
2227 0.000 0.000
2228 0.056 0.000
2229 0.056 0.000
2230 0.056 0.000
2231 0.056 0.000
2232 0.056 0.000
2233 0.056 0.000
2234 0.000 0.200
2235 0.000 0.200
2236 0.000 0.200
2237 0.111 0.025
2238 0.111 0.025
2239 0.111 0.025
2240 0.111 0.025
2241 0.111 0.025
2242 0.111 0.025
2243 0.111 0.025
2244 0.111 0.025
2245 0.111 0.025
2246 0.111 0.025
2247 0.111 0.025
2248 0.111 0.025
2249 0.111 0.025
2250 0.140 0.000
2251 0.140 0.000
2252 0.140 0.000
2253 0.140 0.000
2254 0.140 0.000
2255 0.140 0.000
2256 0.140 0.000
2257 0.140 0.000
2258 0.140 0.000
2259 0.140 0.000
2260 0.140 0.000
2261 0.063 0.000
2262 0.063 0.000
2263 0.063 0.000
2264 0.063 0.000
2265 0.063 0.000
2266 0.063 0.000
2267 0.063 0.000
2268 0.000 0.000
2269 0.000 0.000
2270 0.000 0.000
2271 0.000 0.000
2272 0.000 0.000
2273 0.000 0.000
2274 0.000 0.000
2275 0.000 0.000
2276 0.077 0.000
2277 0.077 0.000
2278 0.077 0.000
2279 0.077 0.000
2280 0.077 0.000
2281 0.077 0.000
2282 0.077 0.000
2283 0.000 0.079
2284 0.000 0.079
2285 0.000 0.079
2286 0.000 0.079
2287 0.000 0.079
2288 0.000 0.079
2289 0.000 0.079
2290 0.141 0.022
2291 0.141 0.022
2292 0.141 0.022
2293 0.141 0.022
2294 0.141 0.022
2295 0.141 0.022
2296 0.141 0.022
2297 0.141 0.022
2298 0.141 0.022
2299 0.141 0.022
2300 0.000 0.000
2301 0.000 0.000
2302 0.000 0.000
2303 0.000 0.000
2304 0.000 0.000
2305 0.000 0.000
2306 0.000 0.000
2307 0.000 0.000
2308 0.000 0.000
2309 0.000 0.000
2310 0.000 0.000
2311 0.000 0.000
2312 0.000 0.000
2313 0.000 0.000
2314 0.000 0.000
2315 0.000 0.049
2316 0.000 0.049
2317 0.000 0.049
2318 0.000 0.049
2319 0.000 0.049
2320 0.000 0.049
2321 0.000 0.049
2322 0.000 0.049
2323 0.000 0.049
2324 0.000 0.049
2325 0.000 0.049
2326 0.000 0.037
2327 0.000 0.037
2328 0.000 0.037
2329 0.000 0.037
2330 0.000 0.037
2331 0.000 0.037
2332 0.000 0.037
2333 0.000 0.037
2334 0.000 0.037
2335 0.000 0.037
2336 0.073 0.000
2337 0.073 0.000
2338 0.073 0.000
2339 0.073 0.000
2340 0.073 0.000
2341 0.000 0.080
2342 0.000 0.080
2343 0.000 0.080
2344 0.000 0.080
2345 0.000 0.080
2346 0.000 0.080
2347 0.000 0.000
2348 0.000 0.000
2349 0.000 0.000
2350 0.000 0.000
2351 0.000 0.000
2352 0.000 0.000
2353 0.000 0.000
2354 0.043 0.044
2355 0.043 0.044
2356 0.043 0.044
2357 0.043 0.044
2358 0.043 0.044
2359 0.043 0.044
2360 0.043 0.044
2361 0.043 0.044
2362 0.043 0.044
2363 0.043 0.044
2364 0.000 0.000
2365 0.000 0.000
2366 0.000 0.000
2367 0.000 0.042
2368 0.000 0.042
2369 0.000 0.042
2370 0.000 0.042
2371 0.000 0.042
2372 0.000 0.042
2373 0.000 0.042
2374 0.000 0.042
2375 0.000 0.042
2376 0.000 0.042
2377 0.000 0.042
2378 0.000 0.042
2379 0.000 0.042
2380 0.000 0.042
2381 0.000 0.042
2382 0.000 0.000
2383 0.000 0.000
2384 0.000 0.000
2385 0.000 0.000
2386 0.000 0.000
2387 0.000 0.000
2388 0.000 0.000
2389 0.000 0.000
2390 0.000 0.046
2391 0.000 0.046
2392 0.000 0.046
2393 0.000 0.046
2394 0.000 0.046
2395 0.000 0.046
2396 0.000 0.046
2397 0.000 0.046
2398 0.000 0.046
2399 0.000 0.046
2400 0.000 0.046
2401 0.000 0.046
2402 0.000 0.046
2403 0.000 0.046
2404 0.000 0.046
2405 0.000 0.046
2406 0.000 0.046
2407 0.000 0.000
2408 0.000 0.000
2409 0.000 0.000
2410 0.000 0.000
2411 0.000 0.000
2412 0.000 0.000
2413 0.000 0.000
2414 0.000 0.000
2415 0.000 0.000
2416 0.000 0.000
2417 0.000 0.000
2418 0.000 0.000
2419 0.000 0.000
2420 0.000 0.000
2421 0.000 0.000
2422 0.000 0.000
2423 0.000 0.000
2424 0.000 0.000
2425 0.000 0.000
2426 0.000 0.000
2427 0.000 0.216
2428 0.000 0.216
2429 0.000 0.216
2430 0.000 0.216
2431 0.000 0.216
2432 0.000 0.216
2433 0.000 0.216
2434 0.000 0.216
2435 0.000 0.216
2436 0.000 0.216
2437 0.000 0.216
2438 0.173 0.202
2439 0.173 0.202
2440 0.173 0.202
2441 0.173 0.202
2442 0.173 0.202
2443 0.173 0.202
2444 0.173 0.202
2445 0.173 0.202
2446 0.119 0.000
2447 0.119 0.000
2448 0.119 0.000
2449 0.119 0.000
2450 0.119 0.000
2451 0.000 0.069
2452 0.000 0.069
2453 0.000 0.069
2454 0.000 0.069
2455 0.000 0.069
2456 0.000 0.069
2457 0.000 0.069
2458 0.000 0.069
2459 0.000 0.069
2460 0.067 0.091
2461 0.067 0.091
2462 0.067 0.091
2463 0.067 0.091
2464 0.067 0.091
2465 0.067 0.091
2466 0.067 0.091
2467 0.067 0.091
2468 0.067 0.091
2469 0.067 0.091
2470 0.067 0.091
2471 0.067 0.091
2472 0.067 0.091
2473 0.067 0.091
2474 0.067 0.091
2475 0.067 0.091
2476 0.067 0.091
2477 0.067 0.091
2478 0.000 0.000
2479 0.000 0.000
2480 0.000 0.000
2481 0.000 0.000
2482 0.092 0.000
2483 0.092 0.000
2484 0.092 0.000
2485 0.092 0.000
2486 0.092 0.000
2487 0.092 0.000
2488 0.092 0.000
2489 0.000 0.043
2490 0.000 0.043
2491 0.000 0.043
2492 0.000 0.043
2493 0.000 0.043
2494 0.000 0.043
2495 0.000 0.043
2496 0.000 0.043
2497 0.000 0.043
2498 0.000 0.043
2499 0.000 0.043
2500 0.000 0.043
2501 0.000 0.043
2502 0.000 0.043
2503 0.000 0.041
2504 0.000 0.041
2505 0.000 0.041
2506 0.000 0.041
2507 0.000 0.041
2508 0.000 0.041
2509 0.000 0.041
2510 0.000 0.103
2511 0.000 0.103
2512 0.000 0.103
2513 0.000 0.103
2514 0.000 0.103
2515 0.000 0.103
2516 0.000 0.103
2517 0.000 0.103
2518 0.000 0.103
2519 0.000 0.000
2520 0.000 0.000
2521 0.000 0.000
2522 0.000 0.000
2523 0.000 0.000
2524 0.000 0.000
2525 0.000 0.052
2526 0.000 0.052
2527 0.000 0.052
2528 0.000 0.052
2529 0.000 0.052
2530 0.000 0.052
2531 0.000 0.052
2532 0.000 0.000
2533 0.000 0.000
2534 0.000 0.000
2535 0.000 0.000
2536 0.000 0.000
2537 0.000 0.000
2538 0.000 0.000
2539 0.000 0.000
2540 0.000 0.000
2541 0.000 0.000
2542 0.000 0.000
2543 0.000 0.000
2544 0.000 0.000
2545 0.000 0.000
2546 0.000 0.000
2547 0.000 0.000
2548 0.000 0.000
2549 0.000 0.000
2550 0.139 0.051
2551 0.139 0.051
2552 0.139 0.051
2553 0.139 0.051
2554 0.139 0.051
2555 0.139 0.051
2556 0.139 0.051
2557 0.139 0.051
2558 0.139 0.051
2559 0.139 0.051
2560 0.000 0.000
2561 0.000 0.000
2562 0.000 0.000
2563 0.000 0.000
2564 0.000 0.000
2565 0.000 0.000
2566 0.000 0.000
2567 0.000 0.000
2568 0.000 0.000
2569 0.000 0.000
2570 0.000 0.000
2571 0.000 0.000
2572 0.000 0.000
2573 0.000 0.000
2574 0.000 0.000
2575 0.000 0.000
2576 0.000 0.000
2577 0.000 0.000
2578 0.000 0.000
2579 0.000 0.000
2580 0.000 0.000
2581 0.000 0.000
2582 0.000 0.000
2583 0.000 0.000
2584 0.000 0.000
2585 0.000 0.000
2586 0.000 0.000
2587 0.000 0.000
2588 0.000 0.000
2589 0.000 0.000
2590 0.000 0.000
2591 0.000 0.000
2592 0.049 0.000
2593 0.049 0.000
2594 0.049 0.000
2595 0.049 0.000
2596 0.049 0.000
2597 0.049 0.000
2598 0.049 0.000
2599 0.049 0.000
2600 0.049 0.000
2601 0.049 0.000
2602 0.049 0.000
2603 0.049 0.000
2604 0.049 0.000
2605 0.049 0.000
2606 0.049 0.000
2607 0.049 0.000
2608 0.049 0.000
2609 0.049 0.000
2610 0.033 0.217
2611 0.033 0.217
2612 0.033 0.217
2613 0.033 0.217
2614 0.033 0.217
2615 0.033 0.217
2616 0.033 0.217
2617 0.033 0.217
2618 0.000 0.000
2619 0.000 0.000
2620 0.000 0.000
2621 0.000 0.000
2622 0.000 0.000
2623 0.000 0.000
2624 0.000 0.000
2625 0.000 0.000
2626 0.000 0.000
2627 0.000 0.000
2628 0.000 0.000
2629 0.000 0.117
2630 0.000 0.117
2631 0.000 0.117
2632 0.000 0.117
2633 0.000 0.117
2634 0.000 0.117
2635 0.000 0.117
2636 0.000 0.117
2637 0.000 0.117
2638 0.000 0.117
2639 0.000 0.117
2640 0.000 0.117
2641 0.000 0.117
2642 0.000 0.117
2643 0.000 0.000
2644 0.000 0.000
2645 0.000 0.000
2646 0.000 0.000
2647 0.000 0.000
2648 0.000 0.000
2649 0.000 0.000
2650 0.000 0.000
2651 0.000 0.000
2652 0.000 0.000
2653 0.000 0.000
2654 0.000 0.000
2655 0.000 0.000
2656 0.000 0.000
2657 0.000 0.000
2658 0.000 0.000
2659 0.000 0.000
2660 0.000 0.000
2661 0.000 0.000
2662 0.000 0.000
2663 0.000 0.000
2664 0.000 0.000
2665 0.000 0.000
2666 0.000 0.000
2667 0.000 0.000
2668 0.000 0.000
2669 0.000 0.000
2670 0.000 0.000
2671 0.000 0.000
2672 0.000 0.000
2673 0.044 0.000
2674 0.044 0.000
2675 0.044 0.000
2676 0.044 0.000
2677 0.044 0.000
2678 0.044 0.000
2679 0.044 0.000
2680 0.044 0.000
2681 0.044 0.000
2682 0.044 0.000
2683 0.044 0.000
2684 0.044 0.000
2685 0.000 0.000
2686 0.000 0.000
2687 0.000 0.000
2688 0.000 0.000
2689 0.000 0.019
2690 0.000 0.019
2691 0.000 0.019
2692 0.000 0.019
2693 0.000 0.019
2694 0.000 0.019
2695 0.000 0.019
2696 0.000 0.019
2697 0.000 0.019
2698 0.000 0.107
2699 0.000 0.107
2700 0.000 0.107
2701 0.000 0.107
2702 0.000 0.107
2703 0.000 0.107
2704 0.000 0.107
2705 0.000 0.107
2706 0.000 0.107
2707 0.000 0.107
2708 0.000 0.177
2709 0.000 0.177
2710 0.000 0.177
2711 0.000 0.177
2712 0.000 0.177
2713 0.000 0.177
2714 0.000 0.177
2715 0.000 0.177
2716 0.040 0.211
2717 0.040 0.211
2718 0.040 0.211
2719 0.040 0.211
2720 0.040 0.211
2721 0.040 0.211
2722 0.040 0.211
2723 0.040 0.211
2724 0.040 0.211
2725 0.040 0.211
2726 0.040 0.211
2727 0.040 0.211
2728 0.040 0.211
2729 0.000 0.050
2730 0.000 0.050
2731 0.000 0.050
2732 0.000 0.050
2733 0.000 0.050
2734 0.000 0.050
2735 0.000 0.050
2736 0.124 0.158
2737 0.124 0.158
2738 0.124 0.158
2739 0.124 0.158
2740 0.124 0.158
2741 0.124 0.158
2742 0.124 0.158
2743 0.124 0.158
2744 0.124 0.158
2745 0.124 0.158
2746 0.000 0.199
2747 0.000 0.199
2748 0.000 0.199
2749 0.000 0.199
2750 0.000 0.199
2751 0.000 0.199
2752 0.000 0.199
2753 0.000 0.199
2754 0.000 0.199
2755 0.000 0.199
2756 0.000 0.199
2757 0.000 0.199
2758 0.000 0.199
2759 0.000 0.199
2760 0.000 0.199
2761 0.000 0.199
2762 0.000 0.199
2763 0.000 0.199
2764 0.000 0.199
2765 0.000 0.199
2766 0.000 0.071
2767 0.000 0.071
2768 0.000 0.071
2769 0.000 0.071
2770 0.000 0.071
2771 0.000 0.071
2772 0.000 0.071
2773 0.000 0.071
2774 0.000 0.071
2775 0.000 0.071
2776 0.000 0.071
2777 0.000 0.071
2778 0.000 0.071
2779 0.095 0.000
2780 0.095 0.000
2781 0.095 0.000
2782 0.095 0.000
2783 0.095 0.000
2784 0.095 0.000
2785 0.095 0.000
2786 0.095 0.000
2787 0.095 0.000
2788 0.095 0.000
2789 0.095 0.000
2790 0.095 0.000
2791 0.000 0.000
2792 0.000 0.000
2793 0.000 0.000
2794 0.000 0.000
2795 0.000 0.000
2796 0.000 0.000
2797 0.000 0.000
2798 0.000 0.000
2799 0.000 0.000
2800 0.000 0.093
2801 0.000 0.093
2802 0.000 0.093
2803 0.000 0.093
2804 0.000 0.093
2805 0.000 0.093
2806 0.000 0.093
2807 0.000 0.093
2808 0.000 0.093
2809 0.000 0.093
2810 0.000 0.093
2811 0.000 0.093
2812 0.000 0.093
2813 0.000 0.093
2814 0.000 0.093
2815 0.000 0.093
2816 0.000 0.093
2817 0.000 0.093
